Duke
2 0 1
2 0 -1
FLIP
2 1 0
2 -1 0
Footman
0 1 0 1
0 0 -1 1
0 0 1 1
0 -1 0 1
FLIP
0 1 1 1
0 1 -1 1
0 -1 -1 1
0 -1 1 1
0 1 0 2
Footman
0 1 0 1
0 0 -1 1
0 0 1 1
0 -1 0 1
FLIP
0 1 1 1
0 1 -1 1
0 -1 -1 1
0 -1 1 1
0 1 0 2
Footman
0 1 0 1
0 0 -1 1
0 0 1 1
0 -1 0 1
FLIP
0 1 1 1
0 1 -1 1
0 -1 -1 1
0 -1 1 1
0 1 0 2
Seer
1 2 0
1 0 2
1 -2 0
1 0 -2
0 1 1 1
0 -1 1 1
0 -1 -1 1
0 1 -1 1
FLIP
1 2 2
1 -2 2
1 -2 -2
1 2 -2
0 1 0 1
0 0 1 1
0 -1 0 1
0 0 -1 1
Priest
2 1 1
2 -1 1
2 -1 -1
2 1 -1
FLIP
0 1 1 1
0 -1 1 1
0 -1 -1 1
0 1 -1 1
1 2 2
1 -2 2
1 -2 -2
1 2 -2
Marshall
1 2 2
1 -2 0
1 2 -2
2 0 1
2 0 -1
FLIP
0 1 0 1
0 1 1 1
0 0 1 1
0 0 1 2
0 -1 1 1
0 -1 -1 1
0 0 -1 1
0 0 -1 2
0 1 -1 1
5 1 0 1 1 1 -1
Knight
0 0 1 1
0 -1 0 1
0 -1 0 2
0 0 -1 1
1 2 -1
1 2 1
FLIP
2 1 0
0 -1 1 1
0 -1 1 2
0 -1 -1 1
0 -1 -1 2
Pikeman
0 1 1 1
0 1 1 2
0 1 -1 1
0 1 -1 1
FLIP
0 1 0 1
0 -1 0 1
0 -1 0 2
3 2 1
3 2 -1
Pikeman
0 1 1 1
0 1 1 2
0 1 -1 1
0 1 -1 1
FLIP
0 1 0 1
0 -1 0 1
0 -1 0 2
3 2 1
3 2 -1
Pikeman
0 1 1 1
0 1 1 2
0 1 -1 1
0 1 -1 1
FLIP
0 1 0 1
0 -1 0 1
0 -1 0 2
3 2 1
3 2 -1
Champion
0 1 0 1
0 0 1 1
0 -1 0 1
0 0 -1 1
1 2 0
1 0 2
1 -2 0
1 0 -2
FLIP
3 1 0
3 0 1
3 -1 0
3 0 -1
1 2 0
1 0 2
1 -2 0
1 0 -2
General
0 1 0 1
0 0 1 2
0 -1 0 1
0 0 -1 2
1 2 1
1 2 -1
FLIP
0 1 0 1
0 0 1 1
0 0 1 2
0 0 -1 1
0 0 -1 2
1 2 1
1 2 -1
5 0 1 -1 1 -1 0 -1 -1 0 -1
Bowman
0 1 0 1
0 0 1 1
0 0 -1 1
1 0 2
1 -2 0
1 0 -2
FLIP
0 1 0 1
0 -1 1 1
0 -1 -1 1
3 2 0
3 1 1
3 1 -1
Ranger
1 2 1
1 1 2
1 2 -1
1 1 -2
2 1 0
2 -1 0
FLIP
1 -2 1
1 -2 -1
2 1 1
2 1 -1
Wizard
0 1 0 1
0 1 1 1
0 0 1 1
0 -1 1 1
0 -1 0 1
0 -1 -1 1
0 0 -1 1
0 1 -1 1
FLIP
1 2 0
1 2 2
1 0 2
1 -2 2
1 -2 0
1 -2 -2
1 0 -2
1 2 -2
Dragoon
0 0 1 1
0 0 -1 1
3 2 0
3 2 2
3 2 -2
FLIP
0 1 0 1
0 1 0 2
1 2 1
1 2 -1
2 -1 1
2 -1 -1
Duchess
0 0 1 1
0 0 -1 1
0 -1 0 2
5 0 1 0 2 0 -1 0 -2
7 0
FLIP
0 0 1 1
0 0 -1 1
0 -1 0 2
5 0 1 0 2 0 -1 0 -2
7 0
Longbowman
0 1 0 1
0 0 -1 1
0 0 1 1
0 -1 0 1
FLIP
0 -1 1 1
0 -1 -1 1
3 2 0
3 3 0
Oracle
0 1 1 1
0 1 -1 1
0 -1 -1 1
0 -1 1 1
FLIP
6 0
Assassin
4 1 0
4 -1 1
4 -1 -1
FLIP
4 1 1
4 -1 0
4 1 -1
